042 068 035 001 070 025 079 059 063 065 006 046 082 028 062 092 096 043 028 037 092 005 003 054 093 083 022 017 019 096 048 027 072 039 070 013 068 000 036 095 004 012 023 034 074 065 042 012 054 069 048 045 063 058 038 060 024 042 030 079 017 036 091 043 089 007 041 043 065 049 047 006 091 030 071 051 007 002 094 049 030 024 085 055 057 041 067 077 032 009 045 040 027 024 038 039 019 083 030 042 
034 016 040 059 005 031 078 007 074 087 022 046 025 073 071 030 078 074 098 013 087 091 062 037 056 068 056 075 032 053 051 051 042 025 067 031 008 092 008 038 058 088 054 084 046 010 010 059 022 089 023 047 007 031 014 069 001 092 063 056 011 060 025 038 049 084 096 042 003 051 092 037 075 021 097 022 049 000 069 085 082 035 054 000 019 039 001 089 028 068 029 094 049 084 008 022 011 018 014 015 
010 017 036 052 001 050 020 057 099 004 025 009 045 010 090 003 096 086 094 044 024 088 015 004 049 001 059 019 081 097 099 082 090 099 010 058 073 023 039 093 039 080 091 058 059 092 016 089 057 012 003 035 073 056 029 047 063 087 076 034 070 043 045 017 082 099 023 052 022 000 058 077 093 090 076 013 001 011 004 070 062 089 002 090 056 024 003 086 083 086 089 027 018 058 033 033 070 055 022 090 
077 030 069 093 026 056 035 050 042 013 046 061 019 054 040 024 080 097 088 030 050 038 067 050 094 096 098 017 087 006 089 083 056 035 015 002 017 072 087 064 014 056 086 054 013 009 033 046 014 057 022 059 047 083 082 045 097 023 030 062 036 051 074 067 045 060 093 040 054 025 055 011 046 050 087 014 075 023 069 019 088 006 059 092 003 026 078 015 015 025 035 075 073 060 034 071 088 098 019 078 
074 071 064 069 093 086 003 081 014 028 003 000 028 026 044 025 024 073 062 082 004 033 006 094 026 032 093 043 023 087 065 001 088 061 014 075 071 071 036 034 012 061 097 068 086 051 041 095 096 025 020 026 077 095 059 003 072 067 079 094 052 085 019 065 020 053 001 088 061 027 011 058 071 016 077 028 044 059 065 010 083 087 066 088 078 075 026 028 030 029 024 021 003 063 024 097 038 062 096 026 
065 061 003 017 031 027 012 072 012 048 054 021 091 025 089 064 041 052 063 030 001 014 059 079 066 008 078 001 059 040 004 061 058 025 078 009 014 088 002 051 061 029 094 085 006 041 012 005 036 057 073 051 024 086 057 017 027 058 027 058 038 072 070 062 097 023 018 013 018 097 086 042 024 030 030 066 060 033 097 056 054 063 085 035 055 073 058 070 033 064 008 084 012 036 068 049 076 039 024 043 
055 012 042 076 060 026 022 071 027 035 006 084 051 099 080 002 094 035 038 035 057 094 077 006 063 049 082 001 014 042 056 056 043 063 012 078 025 079 053 044 097 074 041 014 076 073 019 011 018 033 013 096 070 032 041 089 086 091 098 090 091 046 054 015 052 041 045 059 036 060 093 006 065 082 004 030 076 009 093 098 050 057 062 028 068 042 030 041 014 075 002 078 016 084 014 093 025 002 093 060 
071 029 028 085 076 087 099 071 088 048 005 004 022 064 007 064 011 072 090 041 065 043 020 014 092 005 019 033 051 006 076 040 004 023 099 048 085 049 072 065 014 076 046 013 047 079 070 063 020 086 090 045 066 041 046 009 019 071 002 024 033 073 053 088 071 064 002 004 024 028 001 070 016 066 029 044 048 089 044 038 010 064 050 082 089 043 009 061 022 059 055 089 047 091 050 044 031 021 049 068 
037 084 036 027 086 039 054 030 025 049 024 060 058 067 045 056 019 027 012 026 056 002 050 097 085 016 065 043 076 014 043 097 049 073 027 007 074 030 005 006 027 013 076 094 066 037 037 042 015 095 057 053 037 039 083 056 016 032 031 042 026 012 038 087 091 051 063 035 094 054 017 053 009 063 034 055 004 035 004 057 049 025 018 014 010 029 001 081 019 059 051 056 062 065 004 077 044 010 003 062 
090 049 083 054 075 021 003 024 032 070 079 060 009 020 072 004 046 082 005 093 086 014 099 090 023 039 038 011 062 035 009 062 060 094 016 070 038 070 059 001 072 065 018 016 056 016 031 040 013 089 083 055 086 011 085 075 081 016 052 042 016 080 011 099 074 089 078 033 057 090 014 009 042 091 024 064 029 085 079 001 072 086 075 072 034 068 054 096 069 026 077 030 051 099 010 094 087 081 017 050 
068 029 080 065 022 006 027 017 017 027 067 088 082 065 041 087 022 063 022 065 010 016 003 074 025 042 046 063 024 032 007 069 019 003 008 008 082 013 037 031 015 010 085 057 091 094 097 053 055 046 009 049 092 013 032 015 040 059 023 005 096 053 070 080 039 024 019 067 060 099 087 097 063 034 059 023 047 093 038 026 048 059 003 008 099 031 093 001 079 000 053 049 083 041 016 076 063 068 037 098 
019 098 029 052 017 031 050 026 059 030 021 041 061 048 063 056 076 093 062 055 099 047 015 047 089 070 039 064 076 016 022 076 016 029 035 071 006 065 058 063 062 025 050 070 031 024 051 034 026 011 038 037 038 079 094 037 015 065 092 050 036 006 038 005 038 024 065 071 009 069 082 086 053 074 053 095 077 027 097 073 050 041 075 020 044 012 042 090 020 066 006 086 017 051 016 010 065 067 094 075 
010 001 096 074 090 062 073 069 059 032 069 027 011 023 075 080 011 053 083 092 096 065 075 065 003 056 061 075 073 022 023 048 078 090 006 096 095 051 044 055 082 013 073 040 029 013 063 068 009 016 009 024 060 035 005 087 020 059 046 007 067 001 068 093 088 033 057 075 048 022 084 023 032 077 084 049 024 083 019 077 021 012 083 057 091 026 025 087 078 070 044 035 078 069 069 092 097 084 029 028 
027 072 098 013 004 028 009 046 009 086 039 038 044 014 002 051 029 012 051 050 093 055 070 082 066 068 014 094 035 073 073 031 002 043 078 078 071 003 065 082 091 024 038 024 080 096 070 028 043 011 083 059 027 088 071 029 052 059 014 061 084 087 043 011 073 029 035 042 019 004 068 066 039 082 058 051 015 099 059 062 064 057 008 079 090 036 066 076 087 087 034 061 031 049 029 093 034 041 067 036 
011 000 038 093 083 029 053 070 045 095 009 053 048 033 036 009 065 098 044 050 016 042 090 001 013 049 024 052 075 034 092 001 055 091 098 020 081 079 032 045 041 088 000 026 084 039 093 094 053 012 061 035 041 098 086 030 041 006 092 093 011 050 079 080 072 078 074 094 021 098 027 077 091 083 079 060 019 090 060 050 025 073 081 009 068 009 078 004 071 008 097 075 023 012 020 062 057 091 064 084 
017 033 053 042 055 014 063 097 061 016 005 000 037 081 099 033 088 085 041 018 007 071 042 083 050 024 059 006 022 096 097 017 079 079 080 059 078 051 008 030 082 096 079 077 054 000 085 066 094 009 073 044 030 015 069 056 092 074 023 049 052 087 045 047 078 018 030 017 075 092 070 013 047 094 092 016 050 058 041 053 037 052 088 027 063 056 084 095 081 098 066 066 014 062 079 079 079 041 012 048 
046 071 076 090 051 050 034 066 015 083 008 033 097 068 023 083 011 042 032 088 006 080 022 039 052 048 009 047 077 060 090 023 067 087 056 029 015 061 054 078 049 004 062 032 083 056 098 007 053 022 097 082 022 056 048 025 019 036 077 075 060 099 075 054 023 036 044 089 054 033 048 081 027 079 051 002 062 000 056 064 017 074 062 046 074 075 051 054 082 088 000 011 044 066 073 030 082 013 077 082 
048 091 072 006 073 033 090 021 066 032 059 094 007 079 049 007 072 067 097 098 021 095 030 089 010 085 070 079 018 016 027 085 069 007 029 098 019 091 000 086 087 000 021 011 072 014 016 086 019 081 032 068 088 045 087 008 061 028 075 032 053 072 069 094 086 038 012 005 078 007 069 023 014 001 043 038 039 089 056 090 048 082 094 085 088 062 094 018 002 083 048 066 054 005 085 096 026 022 065 082 
073 007 057 044 094 081 081 069 012 014 069 052 017 080 069 041 032 034 080 064 060 054 037 096 066 075 021 036 081 077 056 026 072 009 060 057 003 033 006 041 076 063 086 063 081 037 098 003 009 081 041 077 059 094 041 047 075 074 098 081 036 073 001 008 056 067 042 089 082 069 016 097 026 010 013 037 056 063 044 043 022 023 013 049 019 069 018 015 051 091 036 060 070 096 004 041 080 000 006 092 
062 082 053 054 034 030 088 043 054 084 021 015 019 045 064 030 053 065 070 071 006 048 095 088 027 077 024 041 080 091 089 011 072 046 022 071 084 090 056 079 080 007 063 036 088 097 034 089 036 080 094 091 063 066 002 006 008 068 070 035 072 058 099 046 098 019 039 045 073 064 029 065 002 024 091 005 002 028 098 093 072 064 002 064 022 066 022 046 011 096 042 023 013 052 016 056 094 039 080 083 
009 055 023 008 046 039 045 091 040 055 005 024 026 079 025 082 031 034 024 095 031 047 088 046 006 017 051 090 039 064 036 098 010 031 025 009 038 075 021 073 094 056 035 062 057 007 085 076 083 020 042 033 085 080 080 084 068 037 026 019 038 029 020 078 038 092 057 096 061 002 094 033 037 081 076 008 085 075 020 091 077 042 052 030 091 075 073 092 090 088 091 040 094 054 064 082 004 006 077 080 
096 040 069 099 084 040 016 022 094 027 023 039 029 082 000 079 092 024 044 035 044 050 003 008 003 042 088 047 092 038 014 001 017 091 063 036 027 011 078 083 061 090 006 075 064 023 096 067 061 039 089 012 046 068 026 068 090 043 064 048 003 018 000 024 027 004 049 052 071 037 059 068 057 006 032 063 020 076 057 032 096 045 092 004 089 016 051 020 073 092 084 034 076 043 070 001 055 079 086 058 
034 094 091 004 051 034 023 072 012 091 039 042 059 048 053 059 080 003 084 091 003 069 023 096 036 009 062 043 095 000 089 079 043 058 042 048 070 046 081 014 065 011 062 086 074 005 063 004 003 070 055 030 053 075 050 031 045 045 050 019 066 064 053 074 071 032 048 012 070 099 099 004 053 080 054 044 023 089 064 035 051 023 041 012 093 052 081 078 017 077 079 021 016 049 099 080 036 058 084 063 
003 063 021 071 023 074 042 087 089 018 018 093 099 068 050 066 090 033 020 082 004 031 029 032 090 053 031 073 065 008 096 029 082 091 011 078 072 037 060 044 041 034 038 094 031 075 094 083 004 062 091 063 008 098 052 024 091 018 041 004 067 084 062 060 046 087 052 066 002 041 010 098 084 051 059 022 076 082 088 072 088 000 005 080 039 001 031 062 019 006 041 029 060 023 099 061 099 036 082 015 
068 094 097 062 047 039 071 039 077 056 018 072 061 053 059 034 056 066 027 002 035 060 094 049 074 093 094 034 038 004 091 012 095 069 028 099 090 049 080 048 050 032 070 076 099 050 037 000 024 044 032 055 062 035 086 068 017 094 005 067 054 009 024 085 093 068 049 070 031 012 015 091 028 044 005 000 075 096 007 059 090 059 010 090 048 041 019 065 076 027 090 004 067 013 041 071 077 096 042 087 
052 010 088 084 086 091 051 087 056 082 029 003 078 063 025 066 073 033 086 029 047 090 079 084 026 066 061 046 079 022 056 021 028 074 035 052 076 037 035 002 038 011 075 091 057 072 081 036 046 083 026 019 074 013 038 099 006 063 018 093 040 048 047 004 032 016 040 059 030 046 095 000 046 073 076 063 073 074 081 039 098 043 009 004 078 026 035 002 079 083 070 037 079 040 039 022 027 064 078 076 
025 082 001 062 063 003 049 096 085 017 038 008 094 085 045 060 022 059 044 069 078 020 058 042 092 065 024 016 073 030 042 016 016 037 058 060 001 053 094 042 030 049 028 099 025 025 075 034 086 039 071 063 030 085 010 079 024 086 001 025 094 006 013 066 068 008 078 085 005 091 035 092 022 086 035 091 043 099 087 019 022 025 098 077 055 070 009 028 094 069 067 003 039 001 020 019 091 085 040 057 
009 033 079 015 088 040 075 021 028 055 089 042 099 043 003 022 005 047 057 010 034 009 062 034 087 005 086 043 043 061 062 021 044 079 088 014 064 092 035 016 057 062 013 012 060 052 039 071 025 008 008 085 052 002 090 059 042 091 014 013 056 061 094 073 003 077 044 074 067 052 076 029 033 062 070 004 030 008 093 052 054 093 071 020 073 008 095 006 041 084 063 010 008 039 061 072 072 055 048 015 
024 030 090 067 088 057 033 071 040 067 023 084 061 054 006 092 060 087 088 030 043 018 046 057 089 053 055 067 034 061 020 032 039 068 077 099 015 021 054 008 070 017 023 043 008 064 061 048 094 031 018 044 077 015 027 018 035 021 072 093 065 055 067 094 065 076 001 013 001 052 077 080 044 078 090 062 086 073 035 045 062 064 005 047 089 009 058 031 024 065 075 047 038 082 019 012 093 092 033 024 
062 092 062 031 099 070 092 001 080 018 018 015 096 042 037 068 029 054 010 074 082 004 070 017 084 068 086 003 031 058 082 068 011 067 088 072 078 046 065 039 072 048 016 093 012 058 006 054 072 081 041 031 076 021 091 078 099 087 005 090 032 045 089 011 019 020 060 028 010 020 080 017 001 097 054 059 031 094 007 050 055 073 061 095 055 034 047 030 072 029 060 042 022 089 067 034 086 071 030 062 
061 009 083 063 007 079 080 098 088 039 070 084 041 096 067 034 010 058 018 035 054 036 059 094 044 094 067 052 041 095 038 075 013 098 052 096 018 093 093 038 031 014 097 011 090 029 010 087 045 041 083 070 021 094 093 063 015 028 008 095 006 014 012 014 094 065 004 096 063 082 047 010 049 069 025 012 055 036 028 034 041 063 028 078 018 041 043 001 001 059 077 055 036 031 032 096 038 024 023 028 
030 012 012 055 081 054 094 022 086 029 044 001 056 072 071 053 076 032 041 035 041 087 035 049 040 066 097 013 063 053 032 088 065 058 049 057 071 051 083 002 094 000 033 045 032 076 005 051 027 067 039 002 024 044 042 081 096 019 060 064 029 030 089 055 014 080 070 067 080 078 038 003 016 093 024 073 049 024 054 049 096 098 009 009 012 094 066 082 003 011 029 057 006 066 024 070 016 054 006 085 
079 046 041 034 086 001 069 095 034 086 049 082 033 057 011 073 083 002 007 036 061 072 028 038 044 069 034 096 072 004 043 012 080 035 013 094 031 062 035 059 027 007 092 044 089 028 020 085 025 094 036 025 095 083 068 028 006 047 087 090 041 038 051 060 079 057 078 004 043 001 012 026 044 096 017 016 005 007 069 042 036 099 026 014 024 013 019 058 097 040 087 095 047 044 023 012 081 056 059 048 
071 091 074 028 014 055 097 073 051 042 042 047 026 014 025 030 096 004 095 094 068 088 041 080 042 026 035 061 001 008 022 093 094 018 018 004 044 094 040 012 026 029 079 049 051 093 045 055 024 054 037 048 047 027 062 005 039 072 087 006 000 057 029 068 052 020 092 067 018 047 094 088 022 013 068 000 045 098 002 029 043 005 069 069 042 097 063 021 045 019 026 020 085 075 085 060 050 015 096 004 
033 052 038 015 064 052 020 091 018 084 019 085 053 087 070 049 038 098 025 069 028 049 094 083 072 070 094 078 015 005 085 044 096 012 094 093 099 091 000 091 094 075 050 075 015 074 070 019 066 034 039 012 053 064 009 050 089 046 032 021 007 072 069 022 059 058 048 083 039 023 024 007 007 090 057 046 052 024 019 051 098 037 092 007 011 014 052 081 045 044 042 046 079 050 006 015 086 028 025 005 
057 018 028 056 003 087 069 099 080 012 090 059 091 076 011 033 090 097 051 013 023 030 073 037 078 054 077 071 086 053 052 098 052 002 036 094 073 017 017 029 012 026 039 097 040 045 057 027 003 059 089 022 087 009 078 029 080 048 050 081 046 029 063 027 020 078 092 048 086 032 007 085 055 070 010 057 022 046 066 017 061 098 036 091 078 050 006 087 089 076 044 078 031 088 056 083 054 001 055 090 
089 016 009 011 041 000 098 008 055 005 038 086 000 093 014 013 083 084 052 030 038 034 001 065 084 058 069 011 069 009 042 033 038 085 000 002 070 084 057 093 041 088 013 011 021 036 064 016 098 078 075 035 054 034 079 087 025 035 076 050 013 085 025 093 005 023 056 014 063 074 085 061 023 054 098 023 051 038 018 007 032 098 006 037 058 000 091 099 086 048 085 093 026 097 056 029 039 043 029 096 
043 038 007 068 054 094 006 047 010 025 055 066 040 007 010 093 000 076 037 062 048 019 014 028 013 097 010 042 031 091 035 016 087 024 067 045 037 038 017 094 050 072 045 078 086 001 091 086 026 019 069 007 030 009 042 026 037 081 017 071 085 048 029 037 005 001 024 065 012 041 051 005 084 067 042 071 046 007 089 057 008 067 058 079 000 075 056 092 091 033 059 097 018 091 068 008 035 047 063 003 
040 027 096 007 015 051 087 080 077 023 080 002 013 077 065 058 071 039 013 045 062 081 001 044 057 062 048 040 009 091 053 080 019 020 008 085 048 078 076 014 010 072 043 040 037 022 002 035 030 059 037 070 098 005 099 003 006 039 033 066 017 082 080 024 028 072 014 083 041 017 089 020 090 014 060 052 072 084 065 039 013 085 060 002 075 034 060 015 050 096 023 042 017 078 053 066 092 039 011 068 
056 088 025 023 040 042 049 005 035 069 042 073 069 075 077 038 034 042 046 019 016 075 053 047 057 025 067 082 045 041 035 097 077 028 006 019 092 042 066 092 072 060 001 018 017 044 025 065 006 058 003 067 076 047 033 090 047 046 004 053 002 027 054 085 050 051 006 047 026 071 037 096 094 024 033 057 097 011 077 093 051 091 096 053 051 016 037 062 061 085 030 035 051 083 007 037 085 091 018 083 
067 017 089 026 002 011 051 083 022 094 039 055 094 096 081 039 068 021 046 084 066 097 034 091 033 090 040 084 018 030 054 080 014 001 053 046 062 052 019 064 014 008 055 077 018 012 030 065 067 032 043 099 023 056 088 058 059 065 063 011 047 066 081 066 047 041 098 043 065 095 085 071 016 001 007 007 003 097 034 012 068 016 046 076 055 049 020 080 089 022 093 098 098 010 053 072 059 023 060 098 
000 000 021 021 037 085 013 016 054 086 042 000 068 009 045 070 082 080 009 008 060 007 050 076 027 025 008 075 085 029 047 046 082 015 050 069 039 008 094 005 006 098 018 056 042 044 034 098 080 037 056 034 055 031 053 005 080 089 071 055 073 077 002 016 087 032 081 076 061 015 039 058 091 039 082 048 043 019 071 032 062 020 082 091 034 073 064 003 003 029 022 099 048 046 007 023 087 095 078 045 
084 048 041 086 065 024 038 054 069 031 056 067 059 013 057 019 002 043 077 007 003 085 024 071 013 051 076 012 051 096 089 021 002 084 099 093 049 085 046 088 063 044 059 060 072 017 073 033 042 084 089 016 077 017 099 040 084 006 098 047 070 076 018 088 021 031 043 036 090 074 081 074 078 087 082 086 023 046 080 086 014 036 036 084 087 097 049 086 053 022 061 083 037 089 020 037 093 066 079 099 
097 087 012 077 048 022 003 046 003 065 040 073 058 071 021 055 060 081 099 092 061 011 092 068 034 076 037 000 076 091 077 057 073 004 087 068 016 043 096 067 057 087 038 099 027 065 086 066 009 041 061 015 055 013 053 039 007 026 031 050 080 080 014 039 018 022 046 092 070 040 009 066 063 074 082 071 048 054 009 009 016 030 067 090 064 072 042 060 032 073 015 067 089 071 069 000 056 051 045 037 
079 007 028 014 024 072 028 074 062 074 035 003 088 018 064 054 027 096 096 014 007 071 060 006 097 034 024 053 080 020 027 094 086 066 072 045 008 072 088 000 020 097 016 053 093 054 058 091 060 058 087 010 066 087 020 060 014 036 029 002 069 070 057 032 079 075 096 044 075 017 025 012 086 023 072 058 096 075 039 084 059 096 023 084 032 004 033 001 091 081 009 006 003 059 019 058 062 021 029 057 
014 033 093 083 068 021 059 075 088 095 084 065 065 015 047 091 026 056 064 068 093 032 020 081 019 029 049 021 080 092 067 088 009 027 026 060 019 021 036 015 057 048 057 035 061 052 009 079 095 090 025 077 095 091 090 073 020 002 003 045 024 040 010 028 038 087 017 028 070 024 000 015 016 045 037 070 079 077 059 053 047 038 016 089 017 089 083 075 034 016 057 057 063 017 025 030 043 085 073 050 
097 027 083 003 076 017 066 053 060 056 018 045 055 044 025 000 023 022 034 014 018 094 074 061 076 075 086 002 023 009 096 027 021 092 089 030 073 078 094 009 055 023 077 038 017 004 091 013 090 054 080 000 023 003 003 070 055 030 035 039 075 027 064 035 073 049 054 004 008 019 034 038 096 080 062 045 060 062 008 077 073 046 093 073 029 097 012 036 036 030 017 033 057 059 050 021 097 025 021 027 
007 084 046 075 092 089 039 065 005 078 054 043 005 024 053 026 012 043 025 050 036 091 047 029 056 005 042 010 082 080 003 084 093 033 013 000 062 048 006 091 070 060 029 040 029 081 072 079 041 057 049 045 046 026 011 099 017 081 016 065 027 073 080 094 083 006 037 034 006 088 033 039 066 065 019 000 033 009 097 039 079 039 046 060 070 045 063 070 050 019 068 059 044 062 004 091 087 027 004 005 
001 069 024 048 097 067 031 066 053 001 018 074 087 069 098 080 025 029 061 059 026 068 013 035 053 070 063 071 012 036 091 012 065 051 061 046 068 055 088 018 066 043 089 074 016 080 038 089 070 087 031 010 041 022 020 082 027 021 012 055 094 085 058 000 037 030 051 058 006 066 035 050 095 093 071 020 018 014 054 018 078 061 006 054 092 063 077 055 073 035 017 051 094 046 053 048 022 062 045 060 
067 086 040 019 008 069 055 051 033 000 021 036 099 093 017 083 030 017 060 059 084 000 036 058 071 072 043 081 078 007 096 087 004 053 019 036 086 029 079 061 002 050 065 086 027 058 038 042 039 094 097 034 094 069 074 036 010 097 082 062 040 085 024 000 032 050 043 007 051 088 041 070 024 089 068 084 001 059 007 039 064 021 067 059 086 024 030 099 057 071 076 097 084 089 020 047 091 076 070 020 
042 098 046 055 059 059 095 092 042 038 001 033 076 037 039 059 081 086 014 085 054 028 086 027 071 037 082 071 050 049 078 000 036 074 038 052 032 018 034 072 077 030 032 045 043 068 001 029 017 035 000 058 041 082 024 042 032 050 040 000 076 000 064 046 027 002 025 084 090 036 025 096 046 071 084 018 093 053 025 074 041 056 069 071 044 031 057 066 015 081 059 059 025 009 012 068 018 029 091 000 
081 071 091 013 001 065 076 085 083 012 007 069 045 027 037 067 093 089 039 066 013 048 047 060 053 072 057 011 058 067 051 071 046 026 049 075 075 044 030 037 064 017 059 035 002 062 056 016 075 083 040 083 025 001 076 038 077 001 025 065 038 096 026 030 052 089 095 045 007 076 072 091 085 020 080 096 059 008 046 075 039 057 021 033 067 023 058 054 072 056 090 026 030 029 040 028 095 091 049 055 
018 093 031 019 049 057 091 083 044 040 002 094 028 070 094 034 032 093 036 027 043 081 017 062 018 008 021 046 067 022 083 083 007 092 071 016 096 044 064 072 093 036 018 013 082 068 022 053 023 029 031 030 025 000 054 052 095 042 065 084 021 045 089 078 014 003 059 003 054 050 059 076 091 039 024 096 002 006 059 024 088 042 027 031 010 021 036 044 032 075 003 001 072 076 010 031 095 023 037 091 
016 053 055 083 034 089 056 061 046 024 043 060 088 044 048 085 090 069 089 099 081 080 008 014 061 048 047 072 083 045 043 049 037 054 050 089 024 026 052 091 040 047 063 076 025 079 086 004 082 078 051 049 071 095 017 030 027 039 016 073 053 063 022 068 029 066 030 060 083 090 087 020 036 041 067 033 086 023 004 062 097 042 051 033 073 062 071 014 066 046 021 011 029 071 022 097 005 015 000 011 
070 053 036 072 045 031 083 062 096 052 067 084 011 059 073 096 007 015 053 085 006 013 022 042 076 091 026 012 068 083 084 088 094 051 080 069 075 085 030 036 061 006 012 093 025 051 017 061 002 060 010 024 068 001 026 057 041 049 056 008 050 092 061 083 037 020 071 080 026 020 010 002 032 025 008 026 002 084 070 089 065 064 025 035 071 052 098 025 012 068 066 041 080 056 029 062 033 028 061 040 
067 038 049 049 005 049 066 022 034 076 042 015 048 063 055 077 055 059 022 085 089 067 017 057 081 030 038 030 090 044 005 002 085 021 088 037 053 083 029 067 073 094 059 080 084 088 024 098 097 095 002 054 021 004 073 021 033 054 025 034 058 066 033 081 068 067 091 069 027 029 080 045 004 050 034 004 011 041 028 011 028 083 094 088 064 062 066 000 052 019 082 059 004 059 039 079 065 058 073 022 
023 057 068 061 099 044 035 042 020 053 063 012 012 094 006 082 052 061 099 072 043 095 085 036 001 056 056 024 051 089 040 011 018 033 049 011 096 020 049 090 072 052 096 024 038 050 001 008 035 085 078 013 042 005 097 063 038 052 052 033 066 039 046 029 095 027 079 046 029 006 050 058 013 002 000 028 093 054 096 043 068 050 077 056 043 049 004 016 048 074 066 050 038 070 032 071 054 069 053 079 
057 082 096 087 030 032 079 060 053 090 059 039 055 073 009 057 072 048 004 012 075 020 008 006 000 089 062 046 036 093 033 077 068 004 068 000 055 068 013 015 030 094 078 055 013 032 090 027 048 000 090 075 037 013 088 058 004 092 083 030 028 062 053 097 047 084 098 055 033 003 046 077 025 082 096 024 033 044 003 070 083 090 038 000 036 080 055 053 000 051 033 046 094 072 050 091 005 078 006 020 
051 029 029 023 069 086 075 085 052 085 038 016 090 082 075 060 051 047 061 028 034 022 062 019 047 051 064 062 047 059 095 072 046 003 047 021 055 054 061 087 020 036 017 014 036 093 019 066 071 037 026 047 045 013 083 016 006 027 002 074 007 081 094 091 092 015 024 058 001 050 023 086 063 003 069 075 053 049 036 039 063 038 073 093 001 044 020 082 071 092 046 085 015 086 080 000 083 087 020 051 
094 086 017 009 089 000 026 097 070 032 015 003 071 038 099 078 099 052 089 064 054 006 042 068 063 056 082 096 019 073 095 071 039 022 046 024 044 066 019 036 038 000 000 093 055 025 032 067 030 023 057 019 076 093 011 062 033 029 023 050 078 027 049 079 078 039 076 045 026 040 022 041 041 067 082 049 048 052 008 052 011 058 078 010 004 077 041 024 075 055 070 007 086 000 049 031 074 059 017 085 
074 032 005 084 092 023 011 088 065 069 095 080 024 010 058 042 086 078 024 073 029 036 050 018 010 044 068 066 091 092 070 039 005 077 013 092 094 010 021 098 063 029 001 060 043 041 090 095 043 021 087 047 065 087 072 044 067 075 046 089 050 028 055 005 082 047 058 086 015 051 033 074 044 013 033 084 040 069 090 084 010 088 096 046 013 040 036 049 080 008 031 055 002 041 044 019 013 078 024 073 
084 086 087 021 058 003 040 007 077 025 053 038 036 000 017 091 068 007 022 076 021 093 066 048 059 085 032 030 083 006 063 090 024 071 043 083 097 081 070 073 016 052 037 056 075 078 055 030 083 052 070 038 002 077 005 074 062 098 096 026 086 063 030 061 019 074 080 010 063 025 075 083 076 016 044 047 033 069 085 062 073 087 067 090 052 005 034 095 077 099 005 034 069 085 018 065 017 015 067 097 
074 049 011 097 042 092 067 090 021 056 049 052 082 072 026 029 074 055 010 031 039 092 040 054 049 068 055 078 091 098 057 074 090 063 037 030 089 040 086 042 068 021 061 048 082 083 007 090 085 004 061 063 033 093 044 064 024 012 041 093 044 071 020 050 013 077 046 087 057 004 065 099 009 079 039 024 006 012 094 018 044 028 015 091 017 002 040 045 037 013 075 034 041 002 084 036 029 034 038 035 
078 072 023 064 060 041 069 083 049 067 091 028 059 072 007 006 002 035 071 056 008 000 031 076 004 040 095 089 065 074 049 059 081 088 065 014 014 053 071 079 067 005 017 050 078 038 038 060 033 056 006 027 038 067 015 056 091 047 083 036 094 037 047 039 057 004 015 000 042 026 075 025 045 064 050 077 098 035 048 027 044 045 093 062 070 076 040 097 082 072 069 014 067 031 007 010 091 060 085 047 
060 004 007 092 094 097 084 051 058 036 013 068 070 066 004 074 092 017 050 016 019 044 089 098 012 092 075 064 026 008 071 022 028 059 037 076 022 077 000 020 042 012 013 010 036 064 031 015 037 084 033 089 040 006 071 041 069 092 029 086 038 021 025 098 055 004 095 063 066 055 001 003 015 030 095 027 064 029 049 080 052 000 004 043 081 017 091 099 059 031 054 052 063 045 050 086 056 073 090 059 
053 030 041 061 047 028 045 023 037 074 055 034 057 052 092 035 032 023 080 003 077 081 070 089 030 086 003 011 028 075 061 000 043 056 094 066 029 073 085 027 099 024 002 088 089 098 053 076 051 079 056 094 031 007 032 090 066 022 028 065 041 014 090 011 089 064 021 089 022 065 004 055 023 017 055 087 026 025 019 003 021 060 089 083 042 075 001 067 023 055 053 051 017 027 087 003 038 002 002 050 
068 003 066 082 044 011 009 090 059 085 022 007 087 088 072 091 073 019 074 054 082 063 097 014 052 016 005 086 034 065 005 038 054 085 034 073 022 045 071 058 089 030 098 041 024 002 044 077 032 001 049 014 054 012 094 033 052 015 000 017 013 035 050 053 013 042 010 051 081 070 036 063 066 012 018 012 064 022 007 046 044 051 094 065 043 045 034 037 003 026 060 054 008 007 044 030 052 071 096 029 
042 060 021 016 045 079 059 085 039 084 039 038 036 031 083 016 081 022 026 053 005 047 013 005 046 026 045 050 095 030 033 010 017 030 062 034 031 047 033 084 074 040 081 036 088 071 090 030 061 022 098 090 064 045 022 006 016 014 035 000 038 016 065 059 012 084 047 044 038 032 056 052 052 091 053 096 021 062 061 068 074 035 034 092 002 079 088 080 001 016 010 073 062 053 071 024 065 038 051 011 
092 079 044 062 022 019 099 084 034 096 010 073 069 004 065 046 050 051 047 043 045 056 060 069 086 002 069 048 007 088 036 010 065 034 052 041 026 025 047 001 039 032 022 018 025 085 016 045 053 020 071 068 020 075 088 031 046 017 045 000 063 086 016 022 003 042 005 074 034 053 012 030 025 060 084 066 046 051 027 092 098 014 072 087 063 091 085 007 019 023 020 067 019 092 060 067 004 080 099 068 
046 004 031 021 026 035 022 034 036 088 094 028 049 025 093 019 001 045 032 087 096 009 054 098 093 022 020 008 072 023 062 092 053 052 024 066 057 081 062 066 024 001 029 036 054 013 083 077 058 090 093 000 077 062 043 032 061 001 039 081 021 046 030 069 042 063 035 034 071 083 001 061 065 042 000 037 066 034 030 028 055 029 020 085 011 069 018 098 026 007 011 064 049 091 070 045 000 044 056 065 
038 059 007 012 015 048 094 030 088 081 086 065 035 077 016 019 085 048 049 048 056 033 082 038 028 097 060 025 000 054 002 042 005 030 016 066 051 033 084 020 097 040 079 039 042 004 007 021 071 050 006 025 079 088 085 030 040 099 074 039 016 003 042 086 064 012 067 028 084 031 066 083 083 032 036 091 013 057 003 049 014 027 098 065 016 094 008 038 019 039 025 071 084 046 029 060 084 022 038 061 
050 024 084 006 048 014 087 085 010 035 001 071 040 058 069 057 086 093 023 034 036 084 028 000 062 091 036 001 080 074 007 086 046 010 037 082 040 000 002 008 096 020 085 028 056 061 034 053 001 004 089 099 076 070 005 091 044 058 058 020 076 050 091 047 099 068 047 010 081 080 082 008 020 039 026 000 071 015 011 056 033 066 019 021 038 065 010 004 045 051 042 002 045 028 042 011 097 025 084 099 
041 032 071 055 036 004 046 010 015 033 018 031 019 033 014 091 062 033 036 018 046 022 019 006 034 022 047 071 089 095 009 028 036 078 076 006 051 043 055 019 091 025 080 066 055 072 023 045 068 010 011 073 053 075 078 098 071 042 068 042 018 069 066 022 056 028 015 084 038 033 050 063 083 036 093 036 031 035 021 029 089 025 035 034 004 026 023 083 061 066 031 065 024 023 087 009 039 032 066 027 
063 064 079 020 052 042 016 077 069 022 099 088 032 040 040 053 031 075 082 043 019 001 001 035 007 081 091 024 000 069 086 035 056 045 045 009 001 020 019 050 048 081 000 049 085 020 033 041 089 071 098 034 041 023 046 041 028 051 083 048 000 051 031 097 005 032 006 052 083 040 068 071 077 044 057 074 017 058 087 067 034 044 073 015 099 072 038 062 010 021 087 028 042 054 024 029 092 098 000 082 
024 011 072 079 094 091 054 035 067 048 014 023 046 075 089 023 078 020 084 067 006 095 047 025 042 090 099 098 067 061 092 074 066 006 007 039 097 019 063 045 027 016 094 024 070 025 019 070 073 071 062 016 026 030 095 038 096 031 050 001 002 095 062 004 093 060 049 007 014 070 040 056 062 052 011 078 077 040 023 003 025 097 050 024 013 024 015 072 009 021 082 057 099 050 046 098 067 044 049 093 
032 005 096 095 051 050 052 082 099 046 076 046 085 034 001 000 068 098 010 042 032 000 099 075 088 060 063 046 030 060 025 068 067 069 028 095 050 097 043 024 097 018 012 069 049 082 034 075 089 085 069 069 026 005 045 022 061 012 023 052 001 043 031 026 031 052 021 099 028 081 006 083 026 015 013 005 093 010 039 006 067 067 072 081 065 042 027 087 036 034 052 025 077 093 060 052 097 028 008 088 
028 021 006 028 038 011 084 004 038 084 042 036 022 078 079 081 035 012 030 054 031 009 031 049 033 042 071 017 064 019 016 085 010 075 042 086 009 061 049 086 079 002 072 006 002 097 073 010 032 088 071 026 085 003 028 047 089 053 098 090 096 099 052 019 074 058 020 074 016 069 084 011 060 026 097 040 084 019 060 019 062 068 004 067 039 027 094 083 077 061 039 058 081 055 079 062 069 022 074 099 
058 059 020 046 002 090 017 057 040 026 026 033 079 022 017 063 088 009 039 031 006 091 000 070 008 054 014 057 086 084 049 094 000 063 007 067 036 020 072 065 000 009 048 015 015 013 008 023 028 093 021 000 099 072 087 093 053 018 025 089 094 090 089 015 097 069 047 059 038 046 069 098 026 048 022 038 044 008 071 050 047 040 053 013 021 032 077 092 026 046 000 017 075 057 078 073 037 009 097 010 
033 059 089 045 005 031 028 050 020 069 075 002 062 056 067 028 014 063 081 019 029 090 014 042 024 097 032 041 032 036 033 083 083 051 045 053 058 002 069 034 074 095 020 027 084 034 083 013 037 026 053 013 025 046 097 003 074 059 006 078 059 012 082 051 071 081 054 028 060 017 098 019 019 078 082 066 053 014 072 077 087 075 043 042 010 098 063 049 043 049 093 037 021 018 030 025 082 039 007 062 
051 048 059 040 006 082 069 015 002 017 095 068 046 068 040 064 001 075 045 000 026 081 018 025 050 087 075 058 086 016 059 076 031 083 012 038 071 063 092 029 062 013 097 077 001 059 072 092 049 023 099 051 059 029 046 043 039 061 074 078 094 096 005 014 033 026 005 096 022 049 069 085 021 092 039 033 020 038 067 033 063 035 032 038 095 003 012 015 043 070 035 048 031 004 042 007 012 098 038 003 
016 064 018 018 000 052 044 039 083 055 088 013 013 023 038 075 092 009 019 052 078 024 053 012 031 090 002 016 088 029 030 022 088 064 028 089 078 015 047 076 083 032 040 020 070 048 063 007 061 053 006 062 021 081 042 051 040 039 025 052 006 041 090 026 083 005 054 081 031 012 007 059 088 052 028 031 023 048 008 097 015 006 050 007 011 016 036 089 086 035 014 024 077 064 078 027 023 008 030 067 
028 026 001 049 076 031 058 014 097 017 093 006 052 008 031 004 048 053 056 085 036 095 047 091 037 048 006 008 079 059 082 047 000 023 093 014 009 053 042 092 077 025 058 009 047 059 033 064 028 032 042 080 038 001 038 010 051 055 041 098 028 080 047 040 039 082 099 093 022 098 094 014 007 030 094 052 017 095 039 089 076 072 022 081 084 067 000 057 010 067 069 060 096 085 029 095 033 067 059 067 
064 014 032 087 061 067 050 023 061 084 074 067 007 047 075 009 047 071 021 067 070 079 028 039 085 060 068 079 031 022 092 091 094 045 010 008 041 024 023 048 051 026 063 083 070 041 002 056 006 027 088 064 080 067 079 046 010 087 007 021 044 007 043 062 084 039 018 096 010 000 098 096 043 053 068 041 004 056 056 053 057 046 063 098 051 090 066 006 028 048 028 004 077 066 076 047 082 004 016 064 
061 017 082 078 034 029 085 004 045 077 075 009 036 003 036 042 087 094 021 015 045 058 013 005 097 092 007 027 017 084 034 012 077 006 066 007 099 019 020 092 025 068 051 035 096 076 076 095 088 066 063 040 009 061 083 087 096 023 036 049 060 020 039 067 074 051 061 042 094 049 007 019 069 013 066 020 028 072 015 043 051 050 029 062 078 037 026 007 066 084 054 006 027 054 066 046 028 081 032 081 
084 048 024 082 064 045 050 027 041 063 092 030 099 099 079 028 026 061 070 081 024 048 003 066 083 024 056 088 008 010 031 092 012 045 045 076 090 006 057 025 018 057 049 061 081 051 089 067 068 079 074 044 049 033 077 064 099 036 017 058 081 067 062 092 034 030 086 051 092 094 089 089 087 058 060 028 011 027 091 042 065 067 075 093 049 013 093 017 059 028 060 043 040 064 049 097 051 097 097 079 
009 087 038 004 024 002 042 046 031 095 001 094 055 095 005 043 025 070 082 044 028 002 003 024 039 062 035 002 006 001 033 057 037 011 018 094 078 093 011 091 009 076 090 070 092 040 036 007 040 074 070 074 045 028 096 037 096 003 017 008 023 065 049 009 073 009 091 058 048 032 087 097 007 068 015 091 068 006 012 084 054 040 027 043 030 041 028 041 087 044 048 054 071 011 006 010 072 072 043 033 
043 021 026 082 019 089 052 053 058 066 076 031 052 003 051 089 048 073 091 020 018 094 061 057 093 094 000 033 050 074 044 034 045 057 087 026 065 001 033 023 046 054 010 096 048 009 020 035 037 024 045 083 091 076 047 040 049 066 063 069 020 070 083 014 088 041 067 034 091 022 037 078 096 007 064 050 021 057 034 067 056 058 022 062 002 061 017 064 039 079 098 035 089 000 071 000 016 067 066 033 
075 079 038 001 049 094 059 058 072 059 083 018 066 007 021 013 005 003 098 037 044 017 079 007 025 016 074 061 079 037 020 009 089 083 022 017 024 013 087 071 067 043 069 059 077 063 047 082 054 005 039 098 023 096 012 016 088 022 038 005 079 041 065 067 095 032 066 057 085 066 007 066 001 085 090 003 012 058 008 008 028 087 044 036 013 032 078 050 007 002 036 047 060 077 012 009 091 065 098 026 
008 084 016 078 095 081 056 069 035 084 012 017 004 049 001 042 061 074 024 090 033 024 088 079 040 004 038 091 064 078 002 004 014 031 015 000 099 004 099 018 091 069 075 093 049 007 085 049 027 068 036 008 078 072 006 031 021 046 059 060 099 043 009 078 067 034 006 079 091 012 041 018 003 070 044 049 027 061 058 064 047 091 069 027 087 011 050 040 014 063 059 021 038 016 076 073 077 091 030 056 
011 078 085 076 036 077 041 049 030 091 034 068 038 024 046 004 095 087 035 053 076 042 026 002 056 005 079 092 034 061 026 027 026 091 090 008 036 048 020 084 015 029 014 049 027 041 028 010 067 066 066 088 074 077 051 054 054 030 010 044 001 072 012 079 064 089 069 003 061 069 074 067 061 019 086 002 086 020 047 014 097 090 095 005 020 020 028 089 062 096 053 044 091 048 066 025 085 026 054 093 
011 098 098 006 013 057 057 031 032 035 002 072 039 057 066 037 070 025 087 073 003 053 072 081 026 081 009 000 038 068 029 013 032 085 094 059 041 088 089 078 060 060 031 031 077 041 039 092 061 077 061 095 029 038 054 086 040 028 029 097 005 069 097 076 014 084 092 049 047 034 060 028 074 002 008 096 053 036 061 053 072 096 021 074 089 068 076 064 013 075 050 031 029 096 084 034 028 046 001 086 
091 073 039 072 094 097 074 062 009 017 001 040 028 098 073 079 090 073 094 059 000 079 067 011 043 096 068 078 055 055 093 003 027 095 046 075 049 084 045 082 076 071 048 019 099 068 095 073 068 039 092 090 069 061 013 001 013 035 078 076 018 091 048 091 041 006 085 044 015 065 001 099 083 076 071 024 099 052 065 078 024 061 065 018 068 071 020 056 098 028 066 001 089 070 014 099 045 060 051 057 
006 011 029 014 021 083 033 067 088 032 065 002 081 086 003 074 054 095 028 089 055 003 067 069 048 072 038 034 013 063 021 002 056 086 087 018 042 064 049 033 068 054 047 014 095 008 076 067 030 083 009 003 095 072 007 099 056 045 045 025 079 002 032 041 004 026 029 060 090 071 050 013 089 064 001 042 015 006 045 012 076 085 007 059 098 095 060 024 016 097 023 059 074 077 097 007 006 096 088 044 
042 040 089 040 078 073 053 097 083 072 086 030 085 048 069 040 000 016 023 043 013 008 032 049 055 072 091 010 059 026 028 069 065 056 006 090 008 056 097 024 042 050 035 085 027 087 012 023 070 059 012 001 005 086 004 063 009 023 041 002 038 013 048 020 092 049 061 006 026 091 031 082 089 096 039 012 085 048 056 072 003 001 062 018 066 040 002 024 016 010 054 003 032 086 090 008 045 036 065 013 
028 085 056 096 086 050 039 056 016 042 057 010 020 028 063 049 080 044 032 052 052 097 099 080 039 007 092 002 014 082 052 070 087 078 043 042 056 036 059 000 062 081 075 085 039 014 057 094 074 072 032 053 054 000 024 001 037 001 067 093 047 065 004 082 053 010 034 023 083 090 043 005 070 041 037 066 006 013 073 027 056 026 011 057 089 047 069 015 014 097 027 066 086 082 030 057 089 017 039 099 
016 000 023 034 069 030 044 017 029 062 091 025 042 048 048 020 082 083 090 006 004 050 091 092 069 046 018 046 068 071 039 087 026 003 083 096 029 056 097 021 042 014 047 079 028 004 025 087 087 066 098 069 017 019 045 005 064 080 016 073 044 008 018 027 018 081 058 070 037 059 001 023 075 036 029 015 059 000 028 093 022 041 090 037 044 094 047 022 029 095 019 003 044 097 028 018 086 004 073 077 
086 012 067 055 055 043 044 001 051 067 010 035 099 001 083 017 086 094 054 025 022 049 012 076 044 004 024 017 024 086 004 013 018 085 070 008 067 005 085 082 066 073 031 061 088 016 046 094 022 043 066 050 059 049 067 071 097 094 004 068 084 061 015 045 016 015 025 062 026 001 068 073 050 018 019 014 059 080 070 087 076 025 047 088 018 083 072 041 002 036 026 074 048 007 089 018 044 039 085 058 
040 095 061 032 054 066 038 091 072 028 098 061 085 092 000 092 041 091 007 014 099 024 091 063 026 022 096 047 079 055 002 024 014 099 047 088 079 013 019 083 085 015 057 020 059 028 031 002 027 093 067 025 045 056 003 020 089 085 022 057 036 069 000 011 014 009 036 016 063 055 003 035 016 011 064 075 093 085 082 049 041 025 002 082 003 094 097 021 002 056 080 079 015 008 074 000 067 069 086 025 
065 088 030 019 012 003 023 043 088 043 098 089 073 039 014 034 049 032 051 097 060 010 030 018 025 007 022 090 026 039 010 070 082 040 008 030 014 055 086 051 094 050 095 003 009 035 028 073 008 097 043 073 051 009 020 022 084 028 074 006 045 059 076 045 092 035 053 084 025 087 064 032 002 054 056 027 097 029 052 062 011 081 054 028 092 092 053 010 027 070 035 064 031 022 068 050 018 066 012 026 
009 063 051 025 016 000 071 056 012 022 081 038 070 008 036 067 093 083 050 007 095 025 045 071 060 034 057 094 092 023 006 088 058 099 029 047 021 098 030 075 090 060 065 080 073 070 009 018 064 023 019 084 078 021 079 055 065 048 004 025 027 064 092 093 093 055 031 050 076 026 094 092 063 072 038 041 089 055 064 068 037 062 020 014 007 086 051 005 041 073 054 066 046 007 027 058 097 047 081 097 
